from_node_name,to_node_id,dist_km
1,1,0
2,1,48
3,1,201
4,1,227
5,1,242
6,1,259
7,1,293
8,1,287
9,1,322
10,1,248
11,1,258
12,1,322
13,1,340
14,1,359
15,1,362
16,1,378
17,1,404
18,1,365
19,1,333
20,1,355
21,1,445
22,1,739
23,1,383
24,1,445
25,1,534
26,1,712
27,1,838
28,1,869
29,1,882
31,1,920
32,1,908
33,1,948
34,1,886
35,1,881
36,1,891
37,1,950
38,1,847
39,1,1075
40,1,300
41,1,390
42,1,456
43,1,501
44,1,556
45,1,579
46,1,596
47,1,645
48,1,679
49,1,311
50,1,365
51,1,421
52,1,479
53,1,491
54,1,520
55,1,544
56,1,555
57,1,564
58,1,579
59,1,592
60,1,613
61,1,628
62,1,637
63,1,646
64,1,654
65,1,687
66,1,728
67,1,763
68,1,810
69,1,964
70,1,1011
71,1,121
72,1,96
73,1,81
74,1,78
75,1,26
76,1,9
1,2,48
2,2,0
3,2,153
4,2,179
5,2,194
6,2,211
7,2,245
8,2,239
9,2,274
10,2,200
11,2,210
12,2,274
13,2,292
14,2,311
15,2,314
16,2,330
17,2,356
18,2,317
19,2,285
20,2,307
21,2,397
22,2,691
23,2,335
24,2,397
25,2,486
26,2,664
27,2,790
28,2,821
29,2,834
31,2,872
32,2,860
33,2,900
34,2,838
35,2,833
36,2,843
37,2,902
38,2,799
39,2,1027
40,2,252
41,2,342
42,2,408
43,2,453
44,2,508
45,2,531
46,2,548
47,2,597
48,2,631
49,2,263
50,2,317
51,2,373
52,2,431
53,2,443
54,2,472
55,2,496
56,2,507
57,2,516
58,2,531
59,2,544
60,2,565
61,2,580
62,2,589
63,2,598
64,2,606
65,2,639
66,2,680
67,2,715
68,2,762
69,2,916
70,2,963
71,2,73
72,2,48
73,2,33
74,2,30
75,2,22
76,2,39
1,3,201
2,3,153
3,3,0
4,3,26
5,3,41
6,3,58
7,3,92
8,3,86
9,3,121
10,3,47
11,3,57
12,3,121
13,3,139
14,3,158
15,3,161
16,3,177
17,3,203
18,3,164
19,3,132
20,3,154
21,3,244
22,3,538
23,3,182
24,3,244
25,3,333
26,3,511
27,3,637
28,3,668
29,3,681
31,3,719
32,3,707
33,3,747
34,3,685
35,3,680
36,3,690
37,3,749
38,3,646
39,3,874
40,3,99
41,3,189
42,3,255
43,3,300
44,3,355
45,3,378
46,3,395
47,3,444
48,3,478
49,3,110
50,3,164
51,3,220
52,3,278
53,3,290
54,3,319
55,3,343
56,3,354
57,3,363
58,3,378
59,3,391
60,3,412
61,3,427
62,3,436
63,3,445
64,3,453
65,3,486
66,3,527
67,3,562
68,3,609
69,3,763
70,3,810
71,3,80
72,3,105
73,3,120
74,3,123
75,3,175
76,3,192
1,4,227
2,4,179
3,4,26
4,4,0
5,4,15
6,4,32
7,4,66
8,4,60
9,4,95
10,4,21
11,4,44
12,4,108
13,4,126
14,4,145
15,4,148
16,4,164
17,4,190
18,4,151
19,4,106
20,4,128
21,4,218
22,4,512
23,4,156
24,4,218
25,4,307
26,4,485
27,4,611
28,4,642
29,4,655
31,4,693
32,4,681
33,4,721
34,4,659
35,4,654
36,4,664
37,4,723
38,4,620
39,4,848
40,4,86
41,4,176
42,4,242
43,4,274
44,4,329
45,4,352
46,4,369
47,4,418
48,4,452
49,4,84
50,4,138
51,4,194
52,4,252
53,4,264
54,4,293
55,4,317
56,4,328
57,4,337
58,4,352
59,4,365
60,4,386
61,4,401
62,4,410
63,4,419
64,4,427
65,4,460
66,4,501
67,4,536
68,4,583
69,4,737
70,4,784
71,4,106
72,4,131
73,4,146
74,4,149
75,4,201
76,4,218
1,5,242
2,5,194
3,5,41
4,5,15
5,5,0
6,5,17
7,5,51
8,5,45
9,5,80
10,5,36
11,5,59
12,5,123
13,5,141
14,5,160
15,5,163
16,5,179
17,5,205
18,5,166
19,5,91
20,5,113
21,5,203
22,5,497
23,5,141
24,5,203
25,5,292
26,5,470
27,5,596
28,5,627
29,5,640
31,5,678
32,5,666
33,5,706
34,5,644
35,5,639
36,5,649
37,5,708
38,5,605
39,5,833
40,5,101
41,5,191
42,5,257
43,5,259
44,5,314
45,5,337
46,5,354
47,5,403
48,5,437
49,5,69
50,5,123
51,5,179
52,5,237
53,5,249
54,5,278
55,5,302
56,5,313
57,5,322
58,5,337
59,5,350
60,5,371
61,5,386
62,5,395
63,5,404
64,5,412
65,5,445
66,5,486
67,5,521
68,5,568
69,5,722
70,5,769
71,5,121
72,5,146
73,5,161
74,5,164
75,5,216
76,5,233
1,6,259
2,6,211
3,6,58
4,6,32
5,6,17
6,6,0
7,6,34
8,6,28
9,6,63
10,6,31
11,6,54
12,6,118
13,6,136
14,6,155
15,6,158
16,6,174
17,6,200
18,6,161
19,6,74
20,6,96
21,6,186
22,6,480
23,6,124
24,6,186
25,6,275
26,6,453
27,6,579
28,6,610
29,6,623
31,6,661
32,6,649
33,6,689
34,6,627
35,6,622
36,6,632
37,6,691
38,6,588
39,6,816
40,6,96
41,6,186
42,6,252
43,6,242
44,6,297
45,6,320
46,6,337
47,6,386
48,6,420
49,6,52
50,6,106
51,6,162
52,6,220
53,6,232
54,6,261
55,6,285
56,6,296
57,6,305
58,6,320
59,6,333
60,6,354
61,6,369
62,6,378
63,6,387
64,6,395
65,6,428
66,6,469
67,6,504
68,6,551
69,6,705
70,6,752
71,6,138
72,6,163
73,6,178
74,6,181
75,6,233
76,6,250
1,7,293
2,7,245
3,7,92
4,7,66
5,7,51
6,7,34
7,7,0
8,7,62
9,7,97
10,7,65
11,7,88
12,7,152
13,7,170
14,7,189
15,7,192
16,7,208
17,7,234
18,7,195
19,7,108
20,7,130
21,7,220
22,7,514
23,7,158
24,7,220
25,7,309
26,7,487
27,7,613
28,7,644
29,7,657
31,7,695
32,7,683
33,7,723
34,7,661
35,7,656
36,7,666
37,7,725
38,7,622
39,7,850
40,7,130
41,7,220
42,7,286
43,7,276
44,7,331
45,7,354
46,7,371
47,7,420
48,7,454
49,7,86
50,7,140
51,7,196
52,7,254
53,7,266
54,7,295
55,7,319
56,7,330
57,7,339
58,7,354
59,7,367
60,7,388
61,7,403
62,7,412
63,7,421
64,7,429
65,7,462
66,7,503
67,7,538
68,7,585
69,7,739
70,7,786
71,7,172
72,7,197
73,7,212
74,7,215
75,7,267
76,7,284
1,8,287
2,8,239
3,8,86
4,8,60
5,8,45
6,8,28
7,8,62
8,8,0
9,8,35
10,8,59
11,8,82
12,8,146
13,8,164
14,8,183
15,8,186
16,8,199
17,8,201
18,8,162
19,8,58
20,8,80
21,8,170
22,8,464
23,8,108
24,8,170
25,8,259
26,8,437
27,8,563
28,8,594
29,8,607
31,8,645
32,8,633
33,8,673
34,8,611
35,8,606
36,8,616
37,8,675
38,8,572
39,8,800
40,8,124
41,8,187
42,8,236
43,8,226
44,8,281
45,8,304
46,8,321
47,8,370
48,8,404
49,8,80
50,8,90
51,8,146
52,8,204
53,8,216
54,8,245
55,8,269
56,8,280
57,8,289
58,8,304
59,8,317
60,8,338
61,8,353
62,8,362
63,8,371
64,8,379
65,8,412
66,8,453
67,8,488
68,8,535
69,8,689
70,8,736
71,8,166
72,8,191
73,8,206
74,8,209
75,8,261
76,8,278
1,9,322
2,9,274
3,9,121
4,9,95
5,9,80
6,9,63
7,9,97
8,9,35
9,9,0
10,9,94
11,9,117
12,9,170
13,9,152
14,9,171
15,9,174
16,9,164
17,9,166
18,9,127
19,9,23
20,9,45
21,9,135
22,9,429
23,9,73
24,9,135
25,9,224
26,9,402
27,9,528
28,9,559
29,9,572
31,9,610
32,9,598
33,9,638
34,9,576
35,9,571
36,9,581
37,9,640
38,9,537
39,9,765
40,9,159
41,9,152
42,9,201
43,9,191
44,9,246
45,9,269
46,9,286
47,9,335
48,9,369
49,9,45
50,9,55
51,9,111
52,9,169
53,9,181
54,9,210
55,9,234
56,9,245
57,9,254
58,9,269
59,9,282
60,9,303
61,9,318
62,9,327
63,9,336
64,9,344
65,9,377
66,9,418
67,9,453
68,9,500
69,9,654
70,9,701
71,9,201
72,9,226
73,9,241
74,9,244
75,9,296
76,9,313
1,10,248
2,10,200
3,10,47
4,10,21
5,10,36
6,10,31
7,10,65
8,10,59
9,10,94
10,10,0
11,10,23
12,10,87
13,10,105
14,10,124
15,10,127
16,10,143
17,10,169
18,10,130
19,10,105
20,10,127
21,10,217
22,10,511
23,10,155
24,10,217
25,10,306
26,10,484
27,10,610
28,10,641
29,10,654
31,10,692
32,10,680
33,10,720
34,10,658
35,10,653
36,10,663
37,10,722
38,10,619
39,10,847
40,10,65
41,10,155
42,10,221
43,10,273
44,10,328
45,10,351
46,10,368
47,10,417
48,10,451
49,10,83
50,10,137
51,10,193
52,10,251
53,10,263
54,10,292
55,10,316
56,10,327
57,10,336
58,10,351
59,10,364
60,10,385
61,10,400
62,10,409
63,10,418
64,10,426
65,10,459
66,10,500
67,10,535
68,10,582
69,10,736
70,10,783
71,10,127
72,10,152
73,10,167
74,10,170
75,10,222
76,10,239
1,11,258
2,11,210
3,11,57
4,11,44
5,11,59
6,11,54
7,11,88
8,11,82
9,11,117
10,11,23
11,11,0
12,11,64
13,11,82
14,11,101
15,11,104
16,11,120
17,11,146
18,11,107
19,11,128
20,11,150
21,11,240
22,11,534
23,11,178
24,11,240
25,11,329
26,11,507
27,11,633
28,11,664
29,11,677
31,11,715
32,11,703
33,11,743
34,11,681
35,11,676
36,11,686
37,11,745
38,11,642
39,11,870
40,11,42
41,11,132
42,11,198
43,11,296
44,11,351
45,11,374
46,11,391
47,11,440
48,11,474
49,11,106
50,11,160
51,11,216
52,11,274
53,11,286
54,11,315
55,11,339
56,11,350
57,11,359
58,11,374
59,11,387
60,11,408
61,11,423
62,11,432
63,11,441
64,11,449
65,11,482
66,11,523
67,11,558
68,11,605
69,11,759
70,11,806
71,11,137
72,11,162
73,11,177
74,11,180
75,11,232
76,11,249
1,12,322
2,12,274
3,12,121
4,12,108
5,12,123
6,12,118
7,12,152
8,12,146
9,12,170
10,12,87
11,12,64
12,12,0
13,12,18
14,12,37
15,12,40
16,12,56
17,12,82
18,12,43
19,12,147
20,12,125
21,12,200
22,12,494
23,12,197
24,12,259
25,12,348
26,12,526
27,12,593
28,12,624
29,12,637
31,12,675
32,12,663
33,12,703
34,12,641
35,12,636
36,12,646
37,12,705
38,12,602
39,12,830
40,12,22
41,12,68
42,12,134
43,12,256
44,12,311
45,12,334
46,12,351
47,12,400
48,12,434
49,12,169
50,12,179
51,12,235
52,12,293
53,12,305
54,12,334
55,12,358
56,12,369
57,12,378
58,12,393
59,12,406
60,12,427
61,12,442
62,12,451
63,12,460
64,12,468
65,12,501
66,12,517
67,12,518
68,12,565
69,12,719
70,12,766
71,12,201
72,12,226
73,12,241
74,12,244
75,12,296
76,12,313
1,13,340
2,13,292
3,13,139
4,13,126
5,13,141
6,13,136
7,13,170
8,13,164
9,13,152
10,13,105
11,13,82
12,13,18
13,13,0
14,13,19
15,13,22
16,13,38
17,13,64
18,13,25
19,13,129
20,13,107
21,13,182
22,13,476
23,13,179
24,13,241
25,13,330
26,13,508
27,13,575
28,13,606
29,13,619
31,13,657
32,13,645
33,13,685
34,13,623
35,13,618
36,13,628
37,13,687
38,13,584
39,13,812
40,13,40
41,13,50
42,13,116
43,13,238
44,13,293
45,13,316
46,13,333
47,13,382
48,13,416
49,13,151
50,13,161
51,13,217
52,13,275
53,13,287
54,13,316
55,13,340
56,13,351
57,13,360
58,13,375
59,13,388
60,13,409
61,13,424
62,13,433
63,13,442
64,13,450
65,13,483
66,13,499
67,13,500
68,13,547
69,13,701
70,13,748
71,13,219
72,13,244
73,13,259
74,13,262
75,13,314
76,13,331
1,14,359
2,14,311
3,14,158
4,14,145
5,14,160
6,14,155
7,14,189
8,14,183
9,14,171
10,14,124
11,14,101
12,14,37
13,14,19
14,14,0
15,14,3
16,14,19
17,14,73
18,14,44
19,14,148
20,14,126
21,14,191
22,14,485
23,14,198
24,14,260
25,14,349
26,14,524
27,14,584
28,14,615
29,14,628
31,14,666
32,14,654
33,14,694
34,14,632
35,14,627
36,14,637
37,14,696
38,14,593
39,14,821
40,14,59
41,14,31
42,14,125
43,14,247
44,14,302
45,14,325
46,14,342
47,14,391
48,14,425
49,14,170
50,14,180
51,14,236
52,14,294
53,14,306
54,14,335
55,14,359
56,14,370
57,14,379
58,14,394
59,14,407
60,14,428
61,14,443
62,14,452
63,14,461
64,14,469
65,14,502
66,14,508
67,14,509
68,14,556
69,14,710
70,14,757
71,14,238
72,14,263
73,14,278
74,14,281
75,14,333
76,14,350
1,15,362
2,15,314
3,15,161
4,15,148
5,15,163
6,15,158
7,15,192
8,15,186
9,15,174
10,15,127
11,15,104
12,15,40
13,15,22
14,15,3
15,15,0
16,15,16
17,15,70
18,15,47
19,15,151
20,15,129
21,15,188
22,15,482
23,15,201
24,15,263
25,15,352
26,15,521
27,15,581
28,15,612
29,15,625
31,15,663
32,15,651
33,15,691
34,15,629
35,15,624
36,15,634
37,15,693
38,15,590
39,15,818
40,15,62
41,15,28
42,15,122
43,15,244
44,15,299
45,15,322
46,15,339
47,15,388
48,15,422
49,15,173
50,15,183
51,15,239
52,15,297
53,15,309
54,15,338
55,15,362
56,15,373
57,15,382
58,15,397
59,15,410
60,15,431
61,15,446
62,15,455
63,15,464
64,15,472
65,15,505
66,15,505
67,15,506
68,15,553
69,15,707
70,15,754
71,15,241
72,15,266
73,15,281
74,15,284
75,15,336
76,15,353
1,16,378
2,16,330
3,16,177
4,16,164
5,16,179
6,16,174
7,16,208
8,16,199
9,16,164
10,16,143
11,16,120
12,16,56
13,16,38
14,16,19
15,16,16
16,16,0
17,16,54
18,16,37
19,16,141
20,16,119
21,16,172
22,16,466
23,16,191
24,16,253
25,16,342
26,16,505
27,16,565
28,16,596
29,16,609
31,16,647
32,16,635
33,16,675
34,16,613
35,16,608
36,16,618
37,16,677
38,16,574
39,16,802
40,16,78
41,16,12
42,16,106
43,16,228
44,16,283
45,16,306
46,16,323
47,16,372
48,16,406
49,16,163
50,16,173
51,16,229
52,16,287
53,16,299
54,16,328
55,16,352
56,16,363
57,16,372
58,16,387
59,16,400
60,16,421
61,16,436
62,16,445
63,16,454
64,16,462
65,16,495
66,16,489
67,16,490
68,16,537
69,16,691
70,16,738
71,16,257
72,16,282
73,16,297
74,16,300
75,16,352
76,16,369
1,17,404
2,17,356
3,17,203
4,17,190
5,17,205
6,17,200
7,17,234
8,17,201
9,17,166
10,17,169
11,17,146
12,17,82
13,17,64
14,17,73
15,17,70
16,17,54
17,17,0
18,17,39
19,17,143
20,17,121
21,17,118
22,17,412
23,17,193
24,17,255
25,17,344
26,17,451
27,17,511
28,17,542
29,17,555
31,17,593
32,17,581
33,17,621
34,17,559
35,17,554
36,17,564
37,17,623
38,17,520
39,17,748
40,17,104
41,17,42
42,17,52
43,17,174
44,17,229
45,17,252
46,17,269
47,17,318
48,17,352
49,17,165
50,17,175
51,17,231
52,17,289
53,17,301
54,17,330
55,17,354
56,17,365
57,17,374
58,17,389
59,17,402
60,17,423
61,17,438
62,17,447
63,17,456
64,17,464
65,17,476
66,17,435
67,17,436
68,17,483
69,17,637
70,17,684
71,17,283
72,17,308
73,17,323
74,17,326
75,17,378
76,17,395
1,18,365
2,18,317
3,18,164
4,18,151
5,18,166
6,18,161
7,18,195
8,18,162
9,18,127
10,18,130
11,18,107
12,18,43
13,18,25
14,18,44
15,18,47
16,18,37
17,18,39
18,18,0
19,18,104
20,18,82
21,18,157
22,18,451
23,18,154
24,18,216
25,18,305
26,18,483
27,18,550
28,18,581
29,18,594
31,18,632
32,18,620
33,18,660
34,18,598
35,18,593
36,18,603
37,18,662
38,18,559
39,18,787
40,18,65
41,18,25
42,18,91
43,18,213
44,18,268
45,18,291
46,18,308
47,18,357
48,18,391
49,18,126
50,18,136
51,18,192
52,18,250
53,18,262
54,18,291
55,18,315
56,18,326
57,18,335
58,18,350
59,18,363
60,18,384
61,18,399
62,18,408
63,18,417
64,18,425
65,18,458
66,18,474
67,18,475
68,18,522
69,18,676
70,18,723
71,18,244
72,18,269
73,18,284
74,18,287
75,18,339
76,18,356
1,19,333
2,19,285
3,19,132
4,19,106
5,19,91
6,19,74
7,19,108
8,19,58
9,19,23
10,19,105
11,19,128
12,19,147
13,19,129
14,19,148
15,19,151
16,19,141
17,19,143
18,19,104
19,19,0
20,19,22
21,19,112
22,19,406
23,19,50
24,19,112
25,19,201
26,19,379
27,19,505
28,19,536
29,19,549
31,19,587
32,19,575
33,19,615
34,19,553
35,19,548
36,19,558
37,19,617
38,19,514
39,19,742
40,19,169
41,19,129
42,19,178
43,19,168
44,19,223
45,19,246
46,19,263
47,19,312
48,19,346
49,19,22
50,19,32
51,19,88
52,19,146
53,19,158
54,19,187
55,19,211
56,19,222
57,19,231
58,19,246
59,19,259
60,19,280
61,19,295
62,19,304
63,19,313
64,19,321
65,19,354
66,19,395
67,19,430
68,19,477
69,19,631
70,19,678
71,19,212
72,19,237
73,19,252
74,19,255
75,19,307
76,19,324
1,20,355
2,20,307
3,20,154
4,20,128
5,20,113
6,20,96
7,20,130
8,20,80
9,20,45
10,20,127
11,20,150
12,20,125
13,20,107
14,20,126
15,20,129
16,20,119
17,20,121
18,20,82
19,20,22
20,20,0
21,20,90
22,20,384
23,20,72
24,20,134
25,20,223
26,20,401
27,20,483
28,20,514
29,20,527
31,20,565
32,20,553
33,20,593
34,20,531
35,20,526
36,20,536
37,20,595
38,20,492
39,20,720
40,20,147
41,20,107
42,20,156
43,20,146
44,20,201
45,20,224
46,20,241
47,20,290
48,20,324
49,20,44
50,20,54
51,20,110
52,20,168
53,20,180
54,20,209
55,20,233
56,20,244
57,20,253
58,20,268
59,20,281
60,20,302
61,20,317
62,20,326
63,20,335
64,20,343
65,20,376
66,20,407
67,20,408
68,20,455
69,20,609
70,20,656
71,20,234
72,20,259
73,20,274
74,20,277
75,20,329
76,20,346
1,21,445
2,21,397
3,21,244
4,21,218
5,21,203
6,21,186
7,21,220
8,21,170
9,21,135
10,21,217
11,21,240
12,21,200
13,21,182
14,21,191
15,21,188
16,21,172
17,21,118
18,21,157
19,21,112
20,21,90
21,21,0
22,21,294
23,21,162
24,21,224
25,21,313
26,21,333
27,21,393
28,21,424
29,21,437
31,21,475
32,21,463
33,21,503
34,21,441
35,21,436
36,21,446
37,21,505
38,21,402
39,21,630
40,21,222
41,21,160
42,21,66
43,21,56
44,21,111
45,21,134
46,21,151
47,21,200
48,21,234
49,21,134
50,21,144
51,21,200
52,21,258
53,21,270
54,21,299
55,21,323
56,21,334
57,21,343
58,21,358
59,21,371
60,21,392
61,21,407
62,21,408
63,21,399
64,21,391
65,21,358
66,21,317
67,21,318
68,21,365
69,21,519
70,21,566
71,21,324
72,21,349
73,21,364
74,21,367
75,21,419
76,21,436
1,22,739
2,22,691
3,22,538
4,22,512
5,22,497
6,22,480
7,22,514
8,22,464
9,22,429
10,22,511
11,22,534
12,22,494
13,22,476
14,22,485
15,22,482
16,22,466
17,22,412
18,22,451
19,22,406
20,22,384
21,22,294
22,22,0
23,22,368
24,22,306
25,22,217
26,22,39
27,22,99
28,22,130
29,22,143
31,22,181
32,22,169
33,22,209
34,22,147
35,22,142
36,22,152
37,22,211
38,22,108
39,22,336
40,22,516
41,22,454
42,22,360
43,22,238
44,22,183
45,22,160
46,22,143
47,22,94
48,22,60
49,22,428
50,22,386
51,22,330
52,22,272
53,22,260
54,22,231
55,22,207
56,22,196
57,22,187
58,22,172
59,22,159
60,22,138
61,22,123
62,22,114
63,22,105
64,22,97
65,22,64
66,22,23
67,22,24
68,22,71
69,22,225
70,22,272
71,22,618
72,22,643
73,22,658
74,22,661
75,22,713
76,22,730
1,23,383
2,23,335
3,23,182
4,23,156
5,23,141
6,23,124
7,23,158
8,23,108
9,23,73
10,23,155
11,23,178
12,23,197
13,23,179
14,23,198
15,23,201
16,23,191
17,23,193
18,23,154
19,23,50
20,23,72
21,23,162
22,23,368
23,23,0
24,23,62
25,23,151
26,23,329
27,23,467
28,23,498
29,23,511
31,23,549
32,23,537
33,23,577
34,23,515
35,23,510
36,23,520
37,23,579
38,23,476
39,23,704
40,23,219
41,23,179
42,23,228
43,23,218
44,23,273
45,23,296
46,23,313
47,23,362
48,23,396
49,23,72
50,23,18
51,23,38
52,23,96
53,23,108
54,23,137
55,23,161
56,23,172
57,23,181
58,23,196
59,23,209
60,23,230
61,23,245
62,23,254
63,23,263
64,23,271
65,23,304
66,23,345
67,23,392
68,23,439
69,23,593
70,23,640
71,23,262
72,23,287
73,23,302
74,23,305
75,23,357
76,23,374
1,24,445
2,24,397
3,24,244
4,24,218
5,24,203
6,24,186
7,24,220
8,24,170
9,24,135
10,24,217
11,24,240
12,24,259
13,24,241
14,24,260
15,24,263
16,24,253
17,24,255
18,24,216
19,24,112
20,24,134
21,24,224
22,24,306
23,24,62
24,24,0
25,24,89
26,24,267
27,24,405
28,24,436
29,24,449
31,24,487
32,24,475
33,24,515
34,24,453
35,24,448
36,24,458
37,24,517
38,24,414
39,24,642
40,24,281
41,24,241
42,24,290
43,24,280
44,24,335
45,24,358
46,24,375
47,24,400
48,24,366
49,24,134
50,24,80
51,24,24
52,24,34
53,24,46
54,24,75
55,24,99
56,24,110
57,24,119
58,24,134
59,24,147
60,24,168
61,24,183
62,24,192
63,24,201
64,24,209
65,24,242
66,24,283
67,24,330
68,24,377
69,24,531
70,24,578
71,24,324
72,24,349
73,24,364
74,24,367
75,24,419
76,24,436
1,25,534
2,25,486
3,25,333
4,25,307
5,25,292
6,25,275
7,25,309
8,25,259
9,25,224
10,25,306
11,25,329
12,25,348
13,25,330
14,25,349
15,25,352
16,25,342
17,25,344
18,25,305
19,25,201
20,25,223
21,25,313
22,25,217
23,25,151
24,25,89
25,25,0
26,25,178
27,25,316
28,25,347
29,25,360
31,25,398
32,25,386
33,25,426
34,25,364
35,25,359
36,25,369
37,25,428
38,25,325
39,25,553
40,25,370
41,25,330
42,25,379
43,25,369
44,25,400
45,25,377
46,25,360
47,25,311
48,25,277
49,25,223
50,25,169
51,25,113
52,25,55
53,25,43
54,25,14
55,25,10
56,25,21
57,25,30
58,25,45
59,25,58
60,25,79
61,25,94
62,25,103
63,25,112
64,25,120
65,25,153
66,25,194
67,25,241
68,25,288
69,25,442
70,25,489
71,25,413
72,25,438
73,25,453
74,25,456
75,25,508
76,25,525
1,26,712
2,26,664
3,26,511
4,26,485
5,26,470
6,26,453
7,26,487
8,26,437
9,26,402
10,26,484
11,26,507
12,26,526
13,26,508
14,26,524
15,26,521
16,26,505
17,26,451
18,26,483
19,26,379
20,26,401
21,26,333
22,26,39
23,26,329
24,26,267
25,26,178
26,26,0
27,26,138
28,26,169
29,26,182
31,26,220
32,26,208
33,26,248
34,26,186
35,26,181
36,26,191
37,26,250
38,26,147
39,26,375
40,26,548
41,26,493
42,26,399
43,26,277
44,26,222
45,26,199
46,26,182
47,26,133
48,26,99
49,26,401
50,26,347
51,26,291
52,26,233
53,26,221
54,26,192
55,26,168
56,26,157
57,26,148
58,26,133
59,26,120
60,26,99
61,26,84
62,26,75
63,26,66
64,26,58
65,26,25
66,26,16
67,26,63
68,26,110
69,26,264
70,26,311
71,26,591
72,26,616
73,26,631
74,26,634
75,26,686
76,26,703
1,27,838
2,27,790
3,27,637
4,27,611
5,27,596
6,27,579
7,27,613
8,27,563
9,27,528
10,27,610
11,27,633
12,27,593
13,27,575
14,27,584
15,27,581
16,27,565
17,27,511
18,27,550
19,27,505
20,27,483
21,27,393
22,27,99
23,27,467
24,27,405
25,27,316
26,27,138
27,27,0
28,27,31
29,27,44
31,27,82
32,27,70
33,27,110
34,27,48
35,27,43
36,27,53
37,27,112
38,27,9
39,27,237
40,27,615
41,27,553
42,27,459
43,27,337
44,27,282
45,27,259
46,27,242
47,27,193
48,27,159
49,27,527
50,27,485
51,27,429
52,27,371
53,27,359
54,27,330
55,27,306
56,27,295
57,27,286
58,27,271
59,27,258
60,27,237
61,27,222
62,27,213
63,27,204
64,27,196
65,27,163
66,27,122
67,27,75
68,27,28
69,27,126
70,27,173
71,27,717
72,27,742
73,27,757
74,27,760
75,27,812
76,27,829
1,28,869
2,28,821
3,28,668
4,28,642
5,28,627
6,28,610
7,28,644
8,28,594
9,28,559
10,28,641
11,28,664
12,28,624
13,28,606
14,28,615
15,28,612
16,28,596
17,28,542
18,28,581
19,28,536
20,28,514
21,28,424
22,28,130
23,28,498
24,28,436
25,28,347
26,28,169
27,28,31
28,28,0
29,28,13
31,28,52
32,28,40
33,28,94
34,28,32
35,28,27
36,28,37
37,28,96
38,28,40
39,28,221
40,28,646
41,28,584
42,28,490
43,28,368
44,28,313
45,28,290
46,28,273
47,28,224
48,28,190
49,28,558
50,28,516
51,28,460
52,28,402
53,28,390
54,28,361
55,28,337
56,28,326
57,28,317
58,28,302
59,28,289
60,28,268
61,28,253
62,28,244
63,28,235
64,28,227
65,28,194
66,28,153
67,28,106
68,28,59
69,28,110
70,28,157
71,28,748
72,28,773
73,28,788
74,28,791
75,28,843
76,28,860
1,29,882
2,29,834
3,29,681
4,29,655
5,29,640
6,29,623
7,29,657
8,29,607
9,29,572
10,29,654
11,29,677
12,29,637
13,29,619
14,29,628
15,29,625
16,29,609
17,29,555
18,29,594
19,29,549
20,29,527
21,29,437
22,29,143
23,29,511
24,29,449
25,29,360
26,29,182
27,29,44
28,29,13
29,29,0
31,29,39
32,29,27
33,29,84
34,29,45
35,29,40
36,29,50
37,29,109
38,29,53
39,29,211
40,29,659
41,29,597
42,29,503
43,29,381
44,29,326
45,29,303
46,29,286
47,29,237
48,29,203
49,29,571
50,29,529
51,29,473
52,29,415
53,29,403
54,29,374
55,29,350
56,29,339
57,29,330
58,29,315
59,29,302
60,29,281
61,29,266
62,29,257
63,29,248
64,29,240
65,29,207
66,29,166
67,29,119
68,29,72
69,29,123
70,29,147
71,29,761
72,29,786
73,29,801
74,29,804
75,29,856
76,29,873
1,31,920
2,31,872
3,31,719
4,31,693
5,31,678
6,31,661
7,31,695
8,31,645
9,31,610
10,31,692
11,31,715
12,31,675
13,31,657
14,31,666
15,31,663
16,31,647
17,31,593
18,31,632
19,31,587
20,31,565
21,31,475
22,31,181
23,31,549
24,31,487
25,31,398
26,31,220
27,31,82
28,31,52
29,31,39
31,31,0
32,31,12
33,31,69
34,31,34
35,31,39
36,31,39
37,31,98
38,31,73
39,31,196
40,31,697
41,31,635
42,31,541
43,31,419
44,31,364
45,31,341
46,31,324
47,31,275
48,31,241
49,31,609
50,31,567
51,31,511
52,31,453
53,31,441
54,31,412
55,31,388
56,31,377
57,31,368
58,31,353
59,31,340
60,31,319
61,31,304
62,31,295
63,31,286
64,31,278
65,31,245
66,31,204
67,31,157
68,31,110
69,31,112
70,31,132
71,31,799
72,31,824
73,31,839
74,31,842
75,31,894
76,31,911
1,32,908
2,32,860
3,32,707
4,32,681
5,32,666
6,32,649
7,32,683
8,32,633
9,32,598
10,32,680
11,32,703
12,32,663
13,32,645
14,32,654
15,32,651
16,32,635
17,32,581
18,32,620
19,32,575
20,32,553
21,32,463
22,32,169
23,32,537
24,32,475
25,32,386
26,32,208
27,32,70
28,32,40
29,32,27
31,32,12
32,32,0
33,32,57
34,32,22
35,32,27
36,32,27
37,32,86
38,32,61
39,32,184
40,32,685
41,32,623
42,32,529
43,32,407
44,32,352
45,32,329
46,32,312
47,32,263
48,32,229
49,32,597
50,32,555
51,32,499
52,32,441
53,32,429
54,32,400
55,32,376
56,32,365
57,32,356
58,32,341
59,32,328
60,32,307
61,32,292
62,32,283
63,32,274
64,32,266
65,32,233
66,32,192
67,32,145
68,32,98
69,32,100
70,32,120
71,32,787
72,32,812
73,32,827
74,32,830
75,32,882
76,32,899
1,33,948
2,33,900
3,33,747
4,33,721
5,33,706
6,33,689
7,33,723
8,33,673
9,33,638
10,33,720
11,33,743
12,33,703
13,33,685
14,33,694
15,33,691
16,33,675
17,33,621
18,33,660
19,33,615
20,33,593
21,33,503
22,33,209
23,33,577
24,33,515
25,33,426
26,33,248
27,33,110
28,33,94
29,33,84
31,33,69
32,33,57
33,33,0
34,33,62
35,33,67
36,33,67
37,33,126
38,33,101
39,33,127
40,33,725
41,33,663
42,33,569
43,33,447
44,33,392
45,33,369
46,33,352
47,33,303
48,33,269
49,33,637
50,33,595
51,33,539
52,33,481
53,33,469
54,33,440
55,33,416
56,33,405
57,33,396
58,33,381
59,33,368
60,33,347
61,33,332
62,33,323
63,33,314
64,33,306
65,33,273
66,33,232
67,33,185
68,33,138
69,33,140
70,33,63
71,33,827
72,33,852
73,33,867
74,33,870
75,33,922
76,33,939
1,34,886
2,34,838
3,34,685
4,34,659
5,34,644
6,34,627
7,34,661
8,34,611
9,34,576
10,34,658
11,34,681
12,34,641
13,34,623
14,34,632
15,34,629
16,34,613
17,34,559
18,34,598
19,34,553
20,34,531
21,34,441
22,34,147
23,34,515
24,34,453
25,34,364
26,34,186
27,34,48
28,34,32
29,34,45
31,34,34
32,34,22
33,34,62
34,34,0
35,34,5
36,34,5
37,34,64
38,34,39
39,34,189
40,34,663
41,34,601
42,34,507
43,34,385
44,34,330
45,34,307
46,34,290
47,34,241
48,34,207
49,34,575
50,34,533
51,34,477
52,34,419
53,34,407
54,34,378
55,34,354
56,34,343
57,34,334
58,34,319
59,34,306
60,34,285
61,34,270
62,34,261
63,34,252
64,34,244
65,34,211
66,34,170
67,34,123
68,34,76
69,34,78
70,34,125
71,34,765
72,34,790
73,34,805
74,34,808
75,34,860
76,34,877
1,35,881
2,35,833
3,35,680
4,35,654
5,35,639
6,35,622
7,35,656
8,35,606
9,35,571
10,35,653
11,35,676
12,35,636
13,35,618
14,35,627
15,35,624
16,35,608
17,35,554
18,35,593
19,35,548
20,35,526
21,35,436
22,35,142
23,35,510
24,35,448
25,35,359
26,35,181
27,35,43
28,35,27
29,35,40
31,35,39
32,35,27
33,35,67
34,35,5
35,35,0
36,35,10
37,35,69
38,35,34
39,35,194
40,35,658
41,35,596
42,35,502
43,35,380
44,35,325
45,35,302
46,35,285
47,35,236
48,35,202
49,35,570
50,35,528
51,35,472
52,35,414
53,35,402
54,35,373
55,35,349
56,35,338
57,35,329
58,35,314
59,35,301
60,35,280
61,35,265
62,35,256
63,35,247
64,35,239
65,35,206
66,35,165
67,35,118
68,35,71
69,35,83
70,35,130
71,35,760
72,35,785
73,35,800
74,35,803
75,35,855
76,35,872
1,36,891
2,36,843
3,36,690
4,36,664
5,36,649
6,36,632
7,36,666
8,36,616
9,36,581
10,36,663
11,36,686
12,36,646
13,36,628
14,36,637
15,36,634
16,36,618
17,36,564
18,36,603
19,36,558
20,36,536
21,36,446
22,36,152
23,36,520
24,36,458
25,36,369
26,36,191
27,36,53
28,36,37
29,36,50
31,36,39
32,36,27
33,36,67
34,36,5
35,36,10
36,36,0
37,36,59
38,36,44
39,36,194
40,36,668
41,36,606
42,36,512
43,36,390
44,36,335
45,36,312
46,36,295
47,36,246
48,36,212
49,36,580
50,36,538
51,36,482
52,36,424
53,36,412
54,36,383
55,36,359
56,36,348
57,36,339
58,36,324
59,36,311
60,36,290
61,36,275
62,36,266
63,36,257
64,36,249
65,36,216
66,36,175
67,36,128
68,36,81
69,36,73
70,36,130
71,36,770
72,36,795
73,36,810
74,36,813
75,36,865
76,36,882
1,37,950
2,37,902
3,37,749
4,37,723
5,37,708
6,37,691
7,37,725
8,37,675
9,37,640
10,37,722
11,37,745
12,37,705
13,37,687
14,37,696
15,37,693
16,37,677
17,37,623
18,37,662
19,37,617
20,37,595
21,37,505
22,37,211
23,37,579
24,37,517
25,37,428
26,37,250
27,37,112
28,37,96
29,37,109
31,37,98
32,37,86
33,37,126
34,37,64
35,37,69
36,37,59
37,37,0
38,37,103
39,37,253
40,37,727
41,37,665
42,37,571
43,37,449
44,37,394
45,37,371
46,37,354
47,37,305
48,37,271
49,37,639
50,37,597
51,37,541
52,37,483
53,37,471
54,37,442
55,37,418
56,37,407
57,37,398
58,37,383
59,37,370
60,37,349
61,37,334
62,37,325
63,37,316
64,37,308
65,37,275
66,37,234
67,37,187
68,37,140
69,37,14
70,37,189
71,37,829
72,37,854
73,37,869
74,37,872
75,37,924
76,37,941
1,38,847
2,38,799
3,38,646
4,38,620
5,38,605
6,38,588
7,38,622
8,38,572
9,38,537
10,38,619
11,38,642
12,38,602
13,38,584
14,38,593
15,38,590
16,38,574
17,38,520
18,38,559
19,38,514
20,38,492
21,38,402
22,38,108
23,38,476
24,38,414
25,38,325
26,38,147
27,38,9
28,38,40
29,38,53
31,38,73
32,38,61
33,38,101
34,38,39
35,38,34
36,38,44
37,38,103
38,38,0
39,38,228
40,38,624
41,38,562
42,38,468
43,38,346
44,38,291
45,38,268
46,38,251
47,38,202
48,38,168
49,38,536
50,38,494
51,38,438
52,38,380
53,38,368
54,38,339
55,38,315
56,38,304
57,38,295
58,38,280
59,38,267
60,38,246
61,38,231
62,38,222
63,38,213
64,38,205
65,38,172
66,38,131
67,38,84
68,38,37
69,38,117
70,38,164
71,38,726
72,38,751
73,38,766
74,38,769
75,38,821
76,38,838
1,39,1075
2,39,1027
3,39,874
4,39,848
5,39,833
6,39,816
7,39,850
8,39,800
9,39,765
10,39,847
11,39,870
12,39,830
13,39,812
14,39,821
15,39,818
16,39,802
17,39,748
18,39,787
19,39,742
20,39,720
21,39,630
22,39,336
23,39,704
24,39,642
25,39,553
26,39,375
27,39,237
28,39,221
29,39,211
31,39,196
32,39,184
33,39,127
34,39,189
35,39,194
36,39,194
37,39,253
38,39,228
39,39,0
40,39,852
41,39,790
42,39,696
43,39,574
44,39,519
45,39,496
46,39,479
47,39,430
48,39,396
49,39,764
50,39,722
51,39,666
52,39,608
53,39,596
54,39,567
55,39,543
56,39,532
57,39,523
58,39,508
59,39,495
60,39,474
61,39,459
62,39,450
63,39,441
64,39,433
65,39,400
66,39,359
67,39,312
68,39,265
69,39,267
70,39,64
71,39,954
72,39,979
73,39,994
74,39,997
75,39,1049
76,39,1066
1,40,300
2,40,252
3,40,99
4,40,86
5,40,101
6,40,96
7,40,130
8,40,124
9,40,159
10,40,65
11,40,42
12,40,22
13,40,40
14,40,59
15,40,62
16,40,78
17,40,104
18,40,65
19,40,169
20,40,147
21,40,222
22,40,516
23,40,219
24,40,281
25,40,370
26,40,548
27,40,615
28,40,646
29,40,659
31,40,697
32,40,685
33,40,725
34,40,663
35,40,658
36,40,668
37,40,727
38,40,624
39,40,852
40,40,0
41,40,90
42,40,156
43,40,278
44,40,333
45,40,356
46,40,373
47,40,422
48,40,456
49,40,148
50,40,201
51,40,257
52,40,315
53,40,327
54,40,356
55,40,380
56,40,391
57,40,400
58,40,415
59,40,428
60,40,449
61,40,464
62,40,473
63,40,482
64,40,490
65,40,523
66,40,539
67,40,540
68,40,587
69,40,741
70,40,788
71,40,179
72,40,204
73,40,219
74,40,222
75,40,274
76,40,291
1,41,390
2,41,342
3,41,189
4,41,176
5,41,191
6,41,186
7,41,220
8,41,187
9,41,152
10,41,155
11,41,132
12,41,68
13,41,50
14,41,31
15,41,28
16,41,12
17,41,42
18,41,25
19,41,129
20,41,107
21,41,160
22,41,454
23,41,179
24,41,241
25,41,330
26,41,493
27,41,553
28,41,584
29,41,597
31,41,635
32,41,623
33,41,663
34,41,601
35,41,596
36,41,606
37,41,665
38,41,562
39,41,790
40,41,90
41,41,0
42,41,94
43,41,216
44,41,271
45,41,294
46,41,311
47,41,360
48,41,394
49,41,151
50,41,161
51,41,217
52,41,275
53,41,287
54,41,316
55,41,340
56,41,351
57,41,360
58,41,375
59,41,388
60,41,409
61,41,424
62,41,433
63,41,442
64,41,450
65,41,483
66,41,477
67,41,478
68,41,525
69,41,679
70,41,726
71,41,269
72,41,294
73,41,309
74,41,312
75,41,364
76,41,381
1,42,456
2,42,408
3,42,255
4,42,242
5,42,257
6,42,252
7,42,286
8,42,236
9,42,201
10,42,221
11,42,198
12,42,134
13,42,116
14,42,125
15,42,122
16,42,106
17,42,52
18,42,91
19,42,178
20,42,156
21,42,66
22,42,360
23,42,228
24,42,290
25,42,379
26,42,399
27,42,459
28,42,490
29,42,503
31,42,541
32,42,529
33,42,569
34,42,507
35,42,502
36,42,512
37,42,571
38,42,468
39,42,696
40,42,156
41,42,94
42,42,0
43,42,122
44,42,177
45,42,200
46,42,217
47,42,266
48,42,300
49,42,200
50,42,210
51,42,266
52,42,324
53,42,336
54,42,365
55,42,389
56,42,400
57,42,409
58,42,424
59,42,437
60,42,458
61,42,473
62,42,474
63,42,465
64,42,457
65,42,424
66,42,383
67,42,384
68,42,431
69,42,585
70,42,632
71,42,335
72,42,360
73,42,375
74,42,378
75,42,430
76,42,447
1,43,501
2,43,453
3,43,300
4,43,274
5,43,259
6,43,242
7,43,276
8,43,226
9,43,191
10,43,273
11,43,296
12,43,256
13,43,238
14,43,247
15,43,244
16,43,228
17,43,174
18,43,213
19,43,168
20,43,146
21,43,56
22,43,238
23,43,218
24,43,280
25,43,369
26,43,277
27,43,337
28,43,368
29,43,381
31,43,419
32,43,407
33,43,447
34,43,385
35,43,380
36,43,390
37,43,449
38,43,346
39,43,574
40,43,278
41,43,216
42,43,122
43,43,0
44,43,55
45,43,78
46,43,95
47,43,144
48,43,178
49,43,190
50,43,200
51,43,256
52,43,314
53,43,326
54,43,355
55,43,379
56,43,390
57,43,399
58,43,410
59,43,397
60,43,376
61,43,361
62,43,352
63,43,343
64,43,335
65,43,302
66,43,261
67,43,262
68,43,309
69,43,463
70,43,510
71,43,380
72,43,405
73,43,420
74,43,423
75,43,475
76,43,492
1,44,556
2,44,508
3,44,355
4,44,329
5,44,314
6,44,297
7,44,331
8,44,281
9,44,246
10,44,328
11,44,351
12,44,311
13,44,293
14,44,302
15,44,299
16,44,283
17,44,229
18,44,268
19,44,223
20,44,201
21,44,111
22,44,183
23,44,273
24,44,335
25,44,400
26,44,222
27,44,282
28,44,313
29,44,326
31,44,364
32,44,352
33,44,392
34,44,330
35,44,325
36,44,335
37,44,394
38,44,291
39,44,519
40,44,333
41,44,271
42,44,177
43,44,55
44,44,0
45,44,23
46,44,40
47,44,89
48,44,123
49,44,245
50,44,255
51,44,311
52,44,369
53,44,381
54,44,410
55,44,390
56,44,379
57,44,370
58,44,355
59,44,342
60,44,321
61,44,306
62,44,297
63,44,288
64,44,280
65,44,247
66,44,206
67,44,207
68,44,254
69,44,408
70,44,455
71,44,435
72,44,460
73,44,475
74,44,478
75,44,530
76,44,547
1,45,579
2,45,531
3,45,378
4,45,352
5,45,337
6,45,320
7,45,354
8,45,304
9,45,269
10,45,351
11,45,374
12,45,334
13,45,316
14,45,325
15,45,322
16,45,306
17,45,252
18,45,291
19,45,246
20,45,224
21,45,134
22,45,160
23,45,296
24,45,358
25,45,377
26,45,199
27,45,259
28,45,290
29,45,303
31,45,341
32,45,329
33,45,369
34,45,307
35,45,302
36,45,312
37,45,371
38,45,268
39,45,496
40,45,356
41,45,294
42,45,200
43,45,78
44,45,23
45,45,0
46,45,17
47,45,66
48,45,100
49,45,268
50,45,278
51,45,334
52,45,392
53,45,404
54,45,391
55,45,367
56,45,356
57,45,347
58,45,332
59,45,319
60,45,298
61,45,283
62,45,274
63,45,265
64,45,257
65,45,224
66,45,183
67,45,184
68,45,231
69,45,385
70,45,432
71,45,458
72,45,483
73,45,498
74,45,501
75,45,553
76,45,570
1,46,596
2,46,548
3,46,395
4,46,369
5,46,354
6,46,337
7,46,371
8,46,321
9,46,286
10,46,368
11,46,391
12,46,351
13,46,333
14,46,342
15,46,339
16,46,323
17,46,269
18,46,308
19,46,263
20,46,241
21,46,151
22,46,143
23,46,313
24,46,375
25,46,360
26,46,182
27,46,242
28,46,273
29,46,286
31,46,324
32,46,312
33,46,352
34,46,290
35,46,285
36,46,295
37,46,354
38,46,251
39,46,479
40,46,373
41,46,311
42,46,217
43,46,95
44,46,40
45,46,17
46,46,0
47,46,49
48,46,83
49,46,285
50,46,295
51,46,351
52,46,409
53,46,403
54,46,374
55,46,350
56,46,339
57,46,330
58,46,315
59,46,302
60,46,281
61,46,266
62,46,257
63,46,248
64,46,240
65,46,207
66,46,166
67,46,167
68,46,214
69,46,368
70,46,415
71,46,475
72,46,500
73,46,515
74,46,518
75,46,570
76,46,587
1,47,645
2,47,597
3,47,444
4,47,418
5,47,403
6,47,386
7,47,420
8,47,370
9,47,335
10,47,417
11,47,440
12,47,400
13,47,382
14,47,391
15,47,388
16,47,372
17,47,318
18,47,357
19,47,312
20,47,290
21,47,200
22,47,94
23,47,362
24,47,400
25,47,311
26,47,133
27,47,193
28,47,224
29,47,237
31,47,275
32,47,263
33,47,303
34,47,241
35,47,236
36,47,246
37,47,305
38,47,202
39,47,430
40,47,422
41,47,360
42,47,266
43,47,144
44,47,89
45,47,66
46,47,49
47,47,0
48,47,34
49,47,334
50,47,344
51,47,400
52,47,366
53,47,354
54,47,325
55,47,301
56,47,290
57,47,281
58,47,266
59,47,253
60,47,232
61,47,217
62,47,208
63,47,199
64,47,191
65,47,158
66,47,117
67,47,118
68,47,165
69,47,319
70,47,366
71,47,524
72,47,549
73,47,564
74,47,567
75,47,619
76,47,636
1,48,679
2,48,631
3,48,478
4,48,452
5,48,437
6,48,420
7,48,454
8,48,404
9,48,369
10,48,451
11,48,474
12,48,434
13,48,416
14,48,425
15,48,422
16,48,406
17,48,352
18,48,391
19,48,346
20,48,324
21,48,234
22,48,60
23,48,396
24,48,366
25,48,277
26,48,99
27,48,159
28,48,190
29,48,203
31,48,241
32,48,229
33,48,269
34,48,207
35,48,202
36,48,212
37,48,271
38,48,168
39,48,396
40,48,456
41,48,394
42,48,300
43,48,178
44,48,123
45,48,100
46,48,83
47,48,34
48,48,0
49,48,368
50,48,378
51,48,390
52,48,332
53,48,320
54,48,291
55,48,267
56,48,256
57,48,247
58,48,232
59,48,219
60,48,198
61,48,183
62,48,174
63,48,165
64,48,157
65,48,124
66,48,83
67,48,84
68,48,131
69,48,285
70,48,332
71,48,558
72,48,583
73,48,598
74,48,601
75,48,653
76,48,670
1,49,311
2,49,263
3,49,110
4,49,84
5,49,69
6,49,52
7,49,86
8,49,80
9,49,45
10,49,83
11,49,106
12,49,169
13,49,151
14,49,170
15,49,173
16,49,163
17,49,165
18,49,126
19,49,22
20,49,44
21,49,134
22,49,428
23,49,72
24,49,134
25,49,223
26,49,401
27,49,527
28,49,558
29,49,571
31,49,609
32,49,597
33,49,637
34,49,575
35,49,570
36,49,580
37,49,639
38,49,536
39,49,764
40,49,148
41,49,151
42,49,200
43,49,190
44,49,245
45,49,268
46,49,285
47,49,334
48,49,368
49,49,0
50,49,54
51,49,110
52,49,168
53,49,180
54,49,209
55,49,233
56,49,244
57,49,253
58,49,268
59,49,281
60,49,302
61,49,317
62,49,326
63,49,335
64,49,343
65,49,376
66,49,417
67,49,452
68,49,499
69,49,653
70,49,700
71,49,190
72,49,215
73,49,230
74,49,233
75,49,285
76,49,302
1,50,365
2,50,317
3,50,164
4,50,138
5,50,123
6,50,106
7,50,140
8,50,90
9,50,55
10,50,137
11,50,160
12,50,179
13,50,161
14,50,180
15,50,183
16,50,173
17,50,175
18,50,136
19,50,32
20,50,54
21,50,144
22,50,386
23,50,18
24,50,80
25,50,169
26,50,347
27,50,485
28,50,516
29,50,529
31,50,567
32,50,555
33,50,595
34,50,533
35,50,528
36,50,538
37,50,597
38,50,494
39,50,722
40,50,201
41,50,161
42,50,210
43,50,200
44,50,255
45,50,278
46,50,295
47,50,344
48,50,378
49,50,54
50,50,0
51,50,56
52,50,114
53,50,126
54,50,155
55,50,179
56,50,190
57,50,199
58,50,214
59,50,227
60,50,248
61,50,263
62,50,272
63,50,281
64,50,289
65,50,322
66,50,363
67,50,410
68,50,457
69,50,611
70,50,658
71,50,244
72,50,269
73,50,284
74,50,287
75,50,339
76,50,356
1,51,421
2,51,373
3,51,220
4,51,194
5,51,179
6,51,162
7,51,196
8,51,146
9,51,111
10,51,193
11,51,216
12,51,235
13,51,217
14,51,236
15,51,239
16,51,229
17,51,231
18,51,192
19,51,88
20,51,110
21,51,200
22,51,330
23,51,38
24,51,24
25,51,113
26,51,291
27,51,429
28,51,460
29,51,473
31,51,511
32,51,499
33,51,539
34,51,477
35,51,472
36,51,482
37,51,541
38,51,438
39,51,666
40,51,257
41,51,217
42,51,266
43,51,256
44,51,311
45,51,334
46,51,351
47,51,400
48,51,390
49,51,110
50,51,56
51,51,0
52,51,58
53,51,70
54,51,99
55,51,123
56,51,134
57,51,143
58,51,158
59,51,171
60,51,192
61,51,207
62,51,216
63,51,225
64,51,233
65,51,266
66,51,307
67,51,354
68,51,401
69,51,555
70,51,602
71,51,300
72,51,325
73,51,340
74,51,343
75,51,395
76,51,412
1,52,479
2,52,431
3,52,278
4,52,252
5,52,237
6,52,220
7,52,254
8,52,204
9,52,169
10,52,251
11,52,274
12,52,293
13,52,275
14,52,294
15,52,297
16,52,287
17,52,289
18,52,250
19,52,146
20,52,168
21,52,258
22,52,272
23,52,96
24,52,34
25,52,55
26,52,233
27,52,371
28,52,402
29,52,415
31,52,453
32,52,441
33,52,481
34,52,419
35,52,414
36,52,424
37,52,483
38,52,380
39,52,608
40,52,315
41,52,275
42,52,324
43,52,314
44,52,369
45,52,392
46,52,409
47,52,366
48,52,332
49,52,168
50,52,114
51,52,58
52,52,0
53,52,12
54,52,41
55,52,65
56,52,76
57,52,85
58,52,100
59,52,113
60,52,134
61,52,149
62,52,158
63,52,167
64,52,175
65,52,208
66,52,249
67,52,296
68,52,343
69,52,497
70,52,544
71,52,358
72,52,383
73,52,398
74,52,401
75,52,453
76,52,470
1,53,491
2,53,443
3,53,290
4,53,264
5,53,249
6,53,232
7,53,266
8,53,216
9,53,181
10,53,263
11,53,286
12,53,305
13,53,287
14,53,306
15,53,309
16,53,299
17,53,301
18,53,262
19,53,158
20,53,180
21,53,270
22,53,260
23,53,108
24,53,46
25,53,43
26,53,221
27,53,359
28,53,390
29,53,403
31,53,441
32,53,429
33,53,469
34,53,407
35,53,402
36,53,412
37,53,471
38,53,368
39,53,596
40,53,327
41,53,287
42,53,336
43,53,326
44,53,381
45,53,404
46,53,403
47,53,354
48,53,320
49,53,180
50,53,126
51,53,70
52,53,12
53,53,0
54,53,29
55,53,53
56,53,64
57,53,73
58,53,88
59,53,101
60,53,122
61,53,137
62,53,146
63,53,155
64,53,163
65,53,196
66,53,237
67,53,284
68,53,331
69,53,485
70,53,532
71,53,370
72,53,395
73,53,410
74,53,413
75,53,465
76,53,482
1,54,520
2,54,472
3,54,319
4,54,293
5,54,278
6,54,261
7,54,295
8,54,245
9,54,210
10,54,292
11,54,315
12,54,334
13,54,316
14,54,335
15,54,338
16,54,328
17,54,330
18,54,291
19,54,187
20,54,209
21,54,299
22,54,231
23,54,137
24,54,75
25,54,14
26,54,192
27,54,330
28,54,361
29,54,374
31,54,412
32,54,400
33,54,440
34,54,378
35,54,373
36,54,383
37,54,442
38,54,339
39,54,567
40,54,356
41,54,316
42,54,365
43,54,355
44,54,410
45,54,391
46,54,374
47,54,325
48,54,291
49,54,209
50,54,155
51,54,99
52,54,41
53,54,29
54,54,0
55,54,24
56,54,35
57,54,44
58,54,59
59,54,72
60,54,93
61,54,108
62,54,117
63,54,126
64,54,134
65,54,167
66,54,208
67,54,255
68,54,302
69,54,456
70,54,503
71,54,399
72,54,424
73,54,439
74,54,442
75,54,494
76,54,511
1,55,544
2,55,496
3,55,343
4,55,317
5,55,302
6,55,285
7,55,319
8,55,269
9,55,234
10,55,316
11,55,339
12,55,358
13,55,340
14,55,359
15,55,362
16,55,352
17,55,354
18,55,315
19,55,211
20,55,233
21,55,323
22,55,207
23,55,161
24,55,99
25,55,10
26,55,168
27,55,306
28,55,337
29,55,350
31,55,388
32,55,376
33,55,416
34,55,354
35,55,349
36,55,359
37,55,418
38,55,315
39,55,543
40,55,380
41,55,340
42,55,389
43,55,379
44,55,390
45,55,367
46,55,350
47,55,301
48,55,267
49,55,233
50,55,179
51,55,123
52,55,65
53,55,53
54,55,24
55,55,0
56,55,11
57,55,20
58,55,35
59,55,48
60,55,69
61,55,84
62,55,93
63,55,102
64,55,110
65,55,143
66,55,184
67,55,231
68,55,278
69,55,432
70,55,479
71,55,423
72,55,448
73,55,463
74,55,466
75,55,518
76,55,535
1,56,555
2,56,507
3,56,354
4,56,328
5,56,313
6,56,296
7,56,330
8,56,280
9,56,245
10,56,327
11,56,350
12,56,369
13,56,351
14,56,370
15,56,373
16,56,363
17,56,365
18,56,326
19,56,222
20,56,244
21,56,334
22,56,196
23,56,172
24,56,110
25,56,21
26,56,157
27,56,295
28,56,326
29,56,339
31,56,377
32,56,365
33,56,405
34,56,343
35,56,338
36,56,348
37,56,407
38,56,304
39,56,532
40,56,391
41,56,351
42,56,400
43,56,390
44,56,379
45,56,356
46,56,339
47,56,290
48,56,256
49,56,244
50,56,190
51,56,134
52,56,76
53,56,64
54,56,35
55,56,11
56,56,0
57,56,9
58,56,24
59,56,37
60,56,58
61,56,73
62,56,82
63,56,91
64,56,99
65,56,132
66,56,173
67,56,220
68,56,267
69,56,421
70,56,468
71,56,434
72,56,459
73,56,474
74,56,477
75,56,529
76,56,546
1,57,564
2,57,516
3,57,363
4,57,337
5,57,322
6,57,305
7,57,339
8,57,289
9,57,254
10,57,336
11,57,359
12,57,378
13,57,360
14,57,379
15,57,382
16,57,372
17,57,374
18,57,335
19,57,231
20,57,253
21,57,343
22,57,187
23,57,181
24,57,119
25,57,30
26,57,148
27,57,286
28,57,317
29,57,330
31,57,368
32,57,356
33,57,396
34,57,334
35,57,329
36,57,339
37,57,398
38,57,295
39,57,523
40,57,400
41,57,360
42,57,409
43,57,399
44,57,370
45,57,347
46,57,330
47,57,281
48,57,247
49,57,253
50,57,199
